d-----         1/8/2020  12:03 PM                20191113_173203_GdCSF_2_2WT  10(8-10) 20(8-10) 31(8-10)
name = '20191113_173203_GdCSF_2_2WT';

ten_study = 10;
twenty_study = 20;
thirty_study = 31;
all_slices = [8, 9, 10; 8, 9, 10; 8, 9, 10];
d-----         1/8/2020  12:11 PM                20191114_092407_Gd_CSF_1_1hd 11(9-11) 20(9-11) 30(9-11)
name = '20191114_092407_Gd_CSF_1_1hd';

ten_study = 11;
twenty_study = 20;
thirty_study = 30;
all_slices = [9, 10, 11; 9, 10, 11; 9, 10, 11];
d-----         1/8/2020  12:11 PM                20191114_100717_Gd_CSF_1_4wt 10(9-11) 20(9-11) 30(9-11)
name = '20191114_100717_Gd_CSF_1_4wt';

ten_study = 10;
twenty_study = 20;
thirty_study = 30;
all_slices = [9, 10, 11; 9, 10, 11; 9, 10, 11];
d-----       11/25/2019   5:17 PM                20191123_093326_Gd_CSF_1_8wt259 wrong
d-----         1/8/2020  12:12 PM                20191123_100403_Gd_CSF_1_9wt258 11(9-11) 20(9-11) 30(9-11)
name = '20191123_100403_Gd_CSF_1_9wt258';

ten_study = 11;
twenty_study = 20;
thirty_study = 30;
all_slices = [9, 10, 11; 9, 10, 11; 9, 10, 11];
d-----         1/8/2020  12:12 PM                20191123_104558_Gd_CSF_1_10HD260 12(9-11) 20(9-11) 30(9-11)
name = '20191123_104558_Gd_CSF_1_10HD260';

ten_study = 12;
twenty_study = 20;
thirty_study = 30;
all_slices = [9, 10, 11; 9, 10, 11; 9, 10, 11];

d-----         1/8/2020  12:12 PM                20191123_111343_Gd_CSF_1_11HD257 10(8-10) 20(8-10)
name = '20191123_111343_Gd_CSF_1_11HD257';

ten_study = 10;
twenty_study = 20;
thirty_study = 30;
all_slices = [8, 9, 10; 8, 9, 10];

d-----         1/8/2020  12:13 PM                20191202_113334_Gd_1_3WT 10(6-8) 20(8-10) 30(8-10)
name = '20191202_113334_Gd_1_3WT';

ten_study = 10;
twenty_study = 20;
thirty_study = 30;
all_slices = [6, 7, 8; 8, 9, 10; 8, 9, 10];
d-----         1/8/2020  12:13 PM                20191202_134450_Gd_1_2WT 10(6-8) 20(6-8) 30(6-8)
name = '20191202_134450_Gd_1_2WT';

ten_study = 10;
twenty_study = 20;
thirty_study = 30;
all_slices = [6, 7, 8; 6, 7, 8; 6, 7, 8];

d-----         1/8/2020  12:13 PM                20191202_154200_Gd_1_4HD 10(6-8) 20(6-8) 30(9-11)
name = '20191202_154200_Gd_1_4HD';

ten_study = 10;
twenty_study = 20;
thirty_study = 30;
all_slices = [6, 7, 8; 6, 7, 8; 9, 10, 11];
d-----         1/8/2020  12:14 PM                20191202_163949_Gd_1_5WT 10(8-10) 20(8-10) 30(8-10)
name = '20191202_163949_Gd_1_5WT';

ten_study = 10;
twenty_study = 20;
thirty_study = 30;
all_slices = [8, 9, 10; 8, 9, 10; 8, 9, 10];

d-----         1/8/2020  12:20 PM                20191202_170832_Gd_1_6HD          20(6-8) 30(6-8)
name = '20191202_170832_Gd_1_6HD';

ten_study = 20;
twenty_study = 30;
thirty_study = 34;
all_slices = [6, 7, 8; 6, 7, 8];


d-----        2/14/2020  10:50 AM                20200213_202315_Gd_1_4 21(9-11) 26(8-10) 34(8-10)
name = '20200213_202315_Gd_1_4';

ten_study = 21;
twenty_study = 26;
thirty_study = 34;
all_slices = [9, 10, 11; 8, 9, 10; 8, 9, 10];



staining


-a----        3/15/2020   5:06 PM          45918 3monthCortexHDMerge.tif
-a----        3/15/2020   5:02 PM          15982 3monthCortexWTAQP4.tif
-a----        3/15/2020   5:02 PM          28420 3monthCortexWTC4.tif
-a----        3/15/2020   5:05 PM          34642 3monthCortexWTMerge.tif
-a----        3/15/2020   5:08 PM          33448 3monthStriatumHDAQP4.tif
-a----        3/15/2020   5:08 PM          20592 3monthStriatumHDC4.tif
-a----        3/15/2020   5:09 PM          44744 3monthStriatumHDMerge.tif
-a----        3/15/2020   5:07 PM          16002 3monthStriatumWTAQP4.tif
-a----        3/15/2020   5:07 PM          24118 3monthStriatumWTC4.tif
-a----        3/15/2020   5:08 PM          32716 3monthStriatumWTMerge.tif
-a----        3/15/2020   5:10 PM          31430 6monthCortexHDAQP4.tif
-a----        3/15/2020   5:11 PM          42986 6monthCortexHDC4.tif
-a----        3/15/2020   5:16 PM          65972 6monthCortexHDMerge.tif
-a----        3/15/2020   5:10 PM          16222 6monthCortexWTAQP4.tif
-a----        3/15/2020   5:11 PM          26072 6monthCortexWTC4.tif
-a----        3/15/2020   5:10 PM          34778 6monthCortexWTMerge.tif
-a----        3/15/2020   5:12 PM          34696 6monthStriatumHDAQP4.tif
-a----        3/15/2020   5:13 PM          27012 6monthStriatumHDC4.tif
-a----        3/15/2020   5:15 PM          56078 6monthStriatumHDMerge.tif
-a----        3/15/2020   5:12 PM          41530 6monthStriatumWTAQP4.tif
-a----        3/15/2020   5:12 PM          23732 6monthStriatumWTC4.tif
-a----        3/15/2020   5:13 PM          58858 6monthStriatumWTMerge.tif

d-----        3/19/2020  12:39 PM                hdcortex10Mcolligen4aqp4_45
d-----        3/19/2020  12:39 PM                hdcortex10Mcolligen4aqp4_46
d-----        3/19/2020  12:39 PM                hdcortex10Mcolligen4aqp4_47
d-----        3/19/2020  12:39 PM                hdstriatu10Maqp4_61
d-----        3/19/2020  12:39 PM                hdstriatu10Mcolligen4aqp4_48
d-----        3/19/2020  12:39 PM                hdstriatu10Mcolligen4aqp4_49
d-----        3/19/2020  12:39 PM                hdstriatu10Mcolligen4aqp4_50
d-----        3/19/2020  12:39 PM                hdstriatu10Mcolligen4aqp4_60
d-----        3/19/2020  12:39 PM                wtcor10Mcolligen4aqp4_31
d-----        3/19/2020  12:39 PM                wtcor10Mcolligen4aqp4_32
d-----        3/19/2020  12:39 PM                wtcor10Mcolligen4aqp4_33
d-----        3/19/2020  12:39 PM                wtstr10Mcolligen4aqp4_34
d-----        3/19/2020  12:39 PM                wtstr10Mcolligen4aqp4_35
d-----        3/19/2020  12:39 PM                wtstr10Mcolligen4aqp4_36

